100
397 40
443 91
808 71
1000 97
1000 98
494 92
2 98
2 50
555 27
716 10
451 5
1000 1
289 48
362 76
428 98
592 91
484 74
915 30
363 69
871 75
453 71
387 98
633 94
779 34
924 39
398 61
918 38
758 85
143 26
659 89
1000 96
2 5
728 33
712 1
1000 95
875 93
2 3
2 95
169 55
1000 3
2 2
1000 5
2 97
132 90
140 74
1000 99
950 71
254 30
839 51
801 16
355 11
755 11
439 40
522 40
61 39
894 97
908 56
635 54
413 35
289 65
171 6
583 72
582 60
838 46
3 10
2 96
1000 4
2 99
642 34
823 3
500 44
13 37
1000 2
950 95
551 71
81 39
853 50
958 86
824 54
226 22
424 35
173 90
109 76
239 20
959 86
865 5
95 37
906 56
537 11
758 96
793 69
2 4
807 16
204 41
2 1
120 75
440 28
30 46
816 86
270 26
