57
73
373980902 982838151 6578324 638150707 936364479 553361707 182080546 710345261 340293479 567636268 753053273 846637936 274129271 79565008 616764767 354173800 362975597 626790148 255802600 33256112 184685631 997069657 21209015 701865245 836844265 513017333 360825442 70935267 367784455 14905687 445409060 903581039 974220124 303782659 699521633 988098504 612709434 910636085 8405405 601633214 308112890 955030833 783365724 1152615 754196745 281483199 486357327 362796803 240204840 936374654 513341153 770355655 950751719 824366874 361161464 754787521 720940573 179218162 650176099 534576516 71571454 694548077 824893154 713761650 887841536 914220420 155535770 572330882 2560264 328683648 530293012 352457451 104158951
42
743411255 603531880 671154074 747695707 810649410 618596284 495851001 343155145 834797477 807010906 625521705 426750579 191083159 439439865 482702947 153424065 897027008 680048200 618662352 381830229 429270331 164957820 850182953 105127910 528291864 164136784 582456817 899681608 793812344 664912347 134365222 901317888 138461566 124378338 822191123 861952702 475020052 276479334 223623097 71051205 953240003 373160358
34
530805117 899930297 905814638 992429246 408986578 856876335 484210086 340206804 298421473 536444267 212250640 145122947 353394191 487772855 760558819 586986487 217944002 946671479 497823543 779528934 363010442 371980074 827601310 641808810 140100703 193405166 59072788 375666755 540870547 817077448 593959730 551824079 462222224 915524073
43
386229064 80204829 820759302 143912089 218889169 494041811 183364412 236134841 449692153 424598680 486718247 150742691 25712210 788993992 599982560 628506038 757962636 903097261 516350697 823875473 475901791 720133907 981383038 20984575 991221594 449971750 939902962 219758906 848765739 955394141 964416498 380034779 394289796 211599989 78814855 235021875 879154139 27751357 728054906 488811989 724517371 242839961 728909962
81
328750025 682629419 577069248 980873103 322202103 871197485 853036819 103591302 892701418 59296624 585730876 399993604 91964284 664810379 223841483 208807357 168186448 448093903 322180909 492358670 316846653 950949078 270877339 477300681 365951018 300390357 389952074 179266550 614675934 657477985 903609160 670414056 828973073 533486595 241042881 365547014 67088662 437362243 333631410 586653464 379589492 403611787 240924688 330192597 754179943 441623594 930858542 452899609 485526791 686112796 500967973 201023287 614139647 789080046 395645266 95344673 4197281 604129133 109373598 759089124 237519589 793351475 927105575 894348218 173744486 590204822 948715934 370743091 799721154 728701244 547350924 204349146 595662871 263241460 924922681 425142505 57454062 777495707 426997231 789240735 547014277
66
51608844 818855887 81524961 364698486 442954794 128372919 946175764 658949878 582935599 947186266 46647414 833399356 699626797 31271802 341089328 796074886 822937507 331439595 159401146 199603734 153720072 131047570 359063815 387657751 181338552 521442484 271926799 411252488 38265878 470332572 133368095 349587443 531967122 886467149 356336521 821248559 888987100 513415599 758648890 690473527 509081907 697825920 376433617 791064714 743517451 882550576 575406762 5899840 179123691 322853055 490879824 210022319 831805751 358188982 254830804 706002701 746824088 983039231 695596364 215867944 494889901 636923880 444463685 836001421 146832974 463818465
99
381115089 56524295 12043476 656259968 773481411 681863174 595088473 282067230 609467182 485227646 347547358 371708032 570205367 298205709 329436706 408563274 643632589 948826698 202248481 175077111 869127967 340638154 162188597 108184074 904168390 836270597 429610935 383792801 305244781 922057553 498561599 350180094 326048066 825203070 74107490 496082460 327468544 801458437 334964702 17832772 503621928 226568923 454726052 359697660 569939047 763511055 133427378 949537605 78045987 577597937 367995077 301375861 570665359 870508980 8115840 862521764 315914803 390911919 322410008 192985871 738247694 114686125 975232575 687430322 635597029 683083480 753866477 61048440 909656187 25073766 27379166 900318419 17913726 546617204 581674950 224246715 809456850 875667666 44634043 558099010 804854758 968177203 594775392 282781617 964704313 457560298 103472319 206953717 364825200 875432852 705911997 624133088 392492674 763636254 731392141 937138879 489266453 616606081 357619451
17
88930608 462592503 147694613 369448339 973514901 615747921 541034888 988931438 716791504 638064120 340922923 967760822 530743662 844617327 722985326 667856668 262322501
12
821529849 197810712 153257397 320567349 20041187 878976492 650789174 15537041 916004008 520396740 124042554 150458287
21
943369932 164926129 469153093 753768703 75307828 688348847 417557965 631023797 41894051 284623563 348654837 312590582 662222656 12321533 300635171 636135251 601695788 817388547 706934248 541139612 257879972
27
662116877 714134505 581888541 495645576 625572286 591588481 295155590 229868494 499347046 444304413 512802660 850217349 943563990 568160853 783619282 959338067 400860975 199391231 549296481 638788094 401261913 53494840 104244507 934602730 702187193 176851410 100336731
57
664531735 127665371 124967287 52353832 476610652 787843962 888582003 566245509 451706639 710804018 977288648 888766382 551427171 166717392 134781127 654047148 801657794 154043332 799837256 487240861 407636241 936101957 380110038 58388235 90311552 808169547 733756002 389394193 171783315 796473965 553098931 611741824 751704509 768543760 11283034 354746283 596400861 272133638 91651064 245166901 114822876 169220078 711717746 9206862 2544026 977127691 900267153 69249538 234719398 173878067 55451077 160582706 327439812 166062748 448640901 636354033 326222924
14
734146586 698721953 294354374 874619143 651653801 531561423 224673341 192372829 708179867 33481879 251580172 297908743 172772173 185909313
6
528467795 139646993 936940935 578519902 228491236 943137206
21
19746649 213420587 103232081 715488815 61825293 630399271 573235135 466033297 789678564 263940513 951788086 705005942 255751041 218800211 879800608 624908097 445146563 375111153 181146695 343230309 58533681
29
38400329 317655084 981941278 737858465 144209349 207651239 285032410 998482028 84230419 787981932 60596108 327104532 79033361 86516347 28067366 334324390 897664700 237756833 182804042 618400244 976788719 433741006 138216913 550099871 213584703 378381579 461217843 589887024 5694700
46
416224372 415845040 818275496 6120962 268985657 858788838 603862899 947392658 981508646 261119451 728840460 995855080 318580165 195684799 7182134 163887801 146779014 303688450 783862446 951573504 140700913 882629965 160098845 566732288 188638606 659524795 429633463 662637813 447272105 890370095 696146612 705645385 9356470 529654360 764273657 425087431 202139994 31607059 651408483 430293439 936320474 3291846 189968235 924175673 514692127 158523609
92
697437503 248356803 805457487 663121130 963612093 675178333 323561833 874950177 188635316 227081791 597666565 104225162 532206496 198102153 17645977 929596463 929102782 608760091 425527238 277540473 510603828 729806024 807127786 934214673 263102403 344963279 878046657 46673288 90560820 343974573 107125400 366987520 516806300 126274608 936070661 596672785 614593427 655750837 489631141 452653097 908258388 542335691 306106986 290525006 539123288 285616352 664706886 42269383 144642521 857073816 400947776 646384393 901727189 311181701 561648053 911302977 673729719 797848770 593047276 833382190 23660225 815519264 440785518 605022618 972820385 329505259 280446856 744895644 410296393 252544385 406180897 636521487 23706165 567353830 183149998 415404353 137092775 510164592 450185637 966551413 904590641 414806575 284693189 866099284 830738938 811215970 888379932 448076351 550149628 383992543 542828466 756571764
98
952844194 409037393 746169735 214426352 784444761 675479870 266618415 962408779 211798578 602127660 644695638 474179047 308124170 581832632 298372278 697123211 803800238 626994932 117228442 164539339 887012252 91771820 460566417 291600738 150972361 435307347 898662995 710009340 783617227 686120098 260950131 291930076 167664420 674755522 237930551 99812778 804645306 33673006 278869855 511093273 367400718 846413297 215446908 765591309 229034046 137006928 613896201 414696890 539787996 19104030 162877803 535587288 266616492 794903257 393561271 10394644 6590906 274899631 627588782 986936628 922001672 905646099 928680877 786269551 35828543 139398615 996816416 545439038 358335908 519206163 967052440 451271650 102654651 163774756 512697097 632835064 288058409 654240269 647457863 134656396 69661280 493804339 305463482 728655736 354392796 325075357 455942690 443751966 777862612 241185274 727440225 723070923 246149069 85996783 761793641 655414585 916973520 761026262
5
50763 586863044 886756618 532049876 737042240
70
898277039 208153286 237759148 680202785 705436327 557431914 100371310 605620270 754990597 795916023 355720619 388711505 399814548 945950757 691350502 832052328 194923484 447027641 520183975 881387436 658277113 814883046 751906226 225333102 677246839 397801795 830964790 287217475 405925669 400093596 119433949 231479065 878105071 657846486 287576537 504284030 727124375 934623101 336284654 300756592 102145400 210039476 199627744 689388362 687761000 647738530 355703743 892713504 878835085 369526467 980540151 473957693 119258141 257518052 956219946 937574378 882940253 365452646 311727325 755199685 445724501 920297585 277557895 85439718 16151409 956139299 618864060 681068735 243672573 575800667
14
349726318 715071557 198949198 964650031 853093185 853801251 547832747 870042703 929366797 797168734 885918564 941734282 251493523 640706491
18
255923643 206189097 472728822 357667332 202683082 538604731 81094425 725151129 587198433 10612839 277100539 896920218 815589546 120332537 51273155 385507955 550804254 618062685
20
291433256 623124660 108686007 629921284 362660888 89789761 835615558 531680884 298135805 501897296 254758089 99778676 533029485 558602129 439903602 951356014 80542916 764690600 466883737 470702668
25
426323612 391139950 553527552 948410238 348212046 101923370 121804737 838420925 705806436 908327072 760085476 471514491 869665433 410593331 762366398 657852631 200331102 735526600 45091201 455102914 277796005 505071885 407726181 518167586 209759608
90
513384028 809599910 422101723 502995891 830445060 599729328 637460468 187576868 738356788 783372213 230861184 379116816 399562043 712508974 988211760 681678949 545954095 719083867 32919240 465164160 959573885 799905988 595374245 512285062 135011106 679270524 114128124 36084905 517845739 863036553 873746343 539170765 488743355 322200606 618224508 903003472 449095578 641984585 625089272 752959816 556718743 826301014 697201880 791436035 713400700 641259681 337884186 862608840 941937883 382225733 675762412 144521681 594745058 157393537 947326515 694607873 10049705 119398581 737110276 140109381 993186326 496867082 656870145 280864525 695782494 732452840 360056786 906632627 117802661 427058155 70056189 164484730 725004354 947607723 294863876 69097329 316874802 142659982 635670258 653394361 82650216 593707676 658864905 197173156 125325475 728922843 591981533 524851503 964939544 154938216
1
906454264
73
390742831 772483929 186133653 342198193 928538221 828533998 311344378 754834187 500457560 935730033 230387490 368092226 284731712 686276426 203607195 202982006 412998045 289887785 252040390 336836759 113028794 703113959 975504497 589493577 462083967 613072292 396798170 365856793 67952880 526037312 347508406 812182730 642950084 292856418 204124776 750472805 579089179 873471793 331634558 142811017 289378509 925863880 698867010 22039390 5851238 84557078 229485637 652700318 210862595 58662967 554360175 258497959 448055940 56463557 661603409 93856436 736953331 639144483 703479063 472936714 940324587 572119105 215750880 502969051 702288239 249618842 384323415 164406535 255424291 84119474 318201781 749123884 470136316
49
834951681 898651500 965180852 713343469 712444853 881654842 348755845 948520391 18986008 165924622 158310075 697185171 468037743 958783459 5460514 705131122 486581911 453123242 391684740 557033423 423912602 676639658 580679280 246246781 638032505 137448586 493357126 322497241 347080606 774494006 628712578 423943502 614231627 847810434 925145384 172651731 543449537 189667813 639382524 817753629 957022763 39838639 708577841 667251513 339404635 105437402 412766630 832241905 443339174
52
323487201 404875269 62123676 628006151 743559482 880586358 982946383 361370836 471420167 573213853 659744197 759454763 126144854 514965122 144351508 975694922 654664731 175633478 595144015 486896834 173700317 873544527 271205843 97396157 24926718 478026669 934736886 46899055 401896327 194512671 750775565 418395472 251206695 836990193 592742248 279913479 283246491 741164064 913602869 787654950 498359146 403814288 72136510 923131027 879926149 845835772 268590582 27054393 375047176 566828748 529060850 913754724
62
414934138 473865853 366906876 83753774 289789610 277101072 21340433 3079683 596568406 507062574 237738833 191055956 980574088 28246216 508173516 947259735 949436512 238498498 197885389 431124987 28439504 765331280 903011910 14161355 413309521 314817031 435305908 110103211 43582908 953960400 77885396 305858685 106925932 418416819 776657319 693154853 596139594 794630682 897520024 186867059 116999988 495442613 240454615 863753737 270311709 77918799 184898622 819008897 261127821 319581499 458780001 790567897 451330960 453189070 229219001 118699680 265831686 443006327 656877533 332804860 843373931 485647246
15
899782012 3477425 716026269 761573203 684760270 521013471 693663816 313828314 835555275 200163904 578194234 518248232 321686755 153333858 502025191
52
691901941 848267607 538467042 653311862 293696598 750127148 976134940 445093063 428657918 291582845 284145378 125393462 707711461 988474676 757828187 60052291 467752136 202593071 629774577 116527326 941104899 651260466 578153740 645077868 690963807 76942902 106807863 648733654 431169825 25391886 282298185 265046769 733326821 624336019 662616247 281453144 215717783 272936826 32573754 589266934 67370749 412665724 630764638 386959799 891646492 933350618 421413022 202882382 395646746 635285767 667829677 879644701
87
168166521 766496861 103907786 593328880 750985527 176228884 939492860 824485896 350092237 980183740 725776544 500460412 896362259 228304972 712127293 964971047 997922003 939015840 937601325 93791565 831067050 958279014 84121074 16457552 563840374 750300225 242416081 636432222 282646155 535015185 710722250 244914727 170857221 482523720 708339361 933969192 256414519 199463020 826993856 641940642 823010255 116624078 892233420 836227222 774426669 237317714 650868654 277517521 348069224 629223002 142641047 184282561 128801525 354069128 76973539 725466334 577922707 355288028 346620310 457019720 786201028 567119641 693140562 426760922 539273695 11913254 367066968 409466940 999375233 974240581 711865964 444454237 448337677 544717255 400721209 329450884 414737305 126866558 884537346 272640232 814214345 903785569 15152759 59250113 957215530 674291397 654302819
10
286278303 36168309 267680691 551019959 824526814 562278576 811790735 871012252 985155136 553305504
38
856073561 96981158 82005266 399638267 692710093 593423160 893942229 476123921 839689877 458009525 580489486 203049987 770853277 49794582 754228859 536677479 624909369 952925472 970877929 267847823 8005716 889228562 73547710 157616753 956632095 222334655 449491943 825420408 196710128 394219336 470773505 630691979 959421448 791774468 790611480 26493074 379333957 883611979
56
901720983 581997586 451595405 220085735 871998284 332059715 773923634 440303933 128097479 815637405 317253164 990415330 497256145 656470544 545351983 140190327 626008355 891984455 232636254 631047302 675068667 321217908 104772369 310470706 275454624 495845942 946122207 570318883 947498009 39285543 632220407 394078941 254748201 416006361 357782625 717623873 296741768 3843186 175426473 834607348 118372830 92523261 962826506 998438819 99847680 591465028 325024713 124632881 469512798 997890750 371161569 598704468 127099283 610480628 845290781 922598971
84
339331372 119648636 404430519 327742620 152763073 467438024 630760285 605305723 538783939 212081444 255303103 421777836 615938865 260867614 424847028 844863680 642170762 525801438 323871943 335850338 226263993 695206460 218522140 416485816 200167437 593364886 590027324 313039303 941755267 181658232 510898198 292442915 761507129 32544813 50033078 471862050 999436263 905906220 160787556 424184072 745885412 35715598 28741559 249739478 81268029 631288904 229677158 309382714 875841334 101848077 186905848 36553288 796439354 416949149 109949540 564007386 628113253 118752015 765768378 537379096 203500351 247260943 727394845 779546669 89002419 371623840 624409414 505010636 103194626 233210277 327206983 970263949 90862017 859827157 187147667 533015592 208800328 393936127 426739209 627014201 812489192 55228593 207533881 614932054
17
635303608 465074926 181349659 308677350 703939606 362082264 363502598 514849721 100762612 316754654 983841946 931326213 719762872 657609433 782082448 573328891 824189537
1
680198521
2
204315343 566066550
82
12681360 413223272 716813500 993229817 410886286 602096272 275963118 158626176 326943763 818907247 309964311 389515162 842178543 734966145 496674152 574602832 220763808 342643972 189823623 335270619 227180021 843183297 583039507 621459633 961895370 542851261 742236755 232797632 791534021 201861193 871529566 566948137 817205687 639555516 273909743 748005677 20041562 234669854 741522650 784874284 154367579 989663959 610668209 659824396 645933753 995173626 135658568 763832587 529467170 547637286 729080116 783293069 807315922 36975861 158007669 500097089 398461977 120859756 999809848 356821949 904538528 270732927 791959572 477641362 922937341 897995646 322836831 417142174 914761800 337216330 593653888 61852995 979542583 704554763 802160862 224696662 332331187 55784052 306686116 715429125 145862900 843629129
98
558207186 722901972 137977632 756274519 543129367 167489271 599035605 122734164 118070179 504991343 215128213 849292277 890387824 366472481 294037296 10381748 394677234 245220889 938342038 515176609 332933011 651133598 816236163 94497798 793447688 889231246 255225730 298983255 444815796 107980679 412996256 696997494 93486979 653292165 304761595 159225280 123087258 635627251 596771240 358804573 279595396 793490878 549785450 368069561 884815300 192703050 416109239 183407494 275457373 931829665 904256421 830660115 172650248 299096468 35032493 281227462 863323291 928890934 904776767 295090406 457344845 36329812 191913076 974314089 28605306 835954657 880916257 648466638 498754543 835430922 794370764 802243899 478149885 701539856 503106984 32481448 304511552 273837212 988451187 294433695 417649413 609040013 854312665 635039372 597113604 184550924 768893131 436263841 253243161 577986278 464061430 315350697 446993505 306280512 888252597 566060058 151304801 752119535
7
734535028 978779451 284976932 999014703 623823641 380902809 157543615
82
355774829 375072209 786429214 450073513 342845997 883485397 346115446 125742989 685299945 661488229 769730461 951800920 548820542 607621782 598880556 379612743 206733740 847708435 289596964 911938945 829895181 853566816 31508084 889088956 128563037 74713680 625245620 196864729 755982172 411207318 983074628 904117458 382026216 137192540 395391176 118983514 703300191 694953089 270212120 226755650 920094285 898369932 391071364 153998381 690504161 241178351 921760303 14259542 252198810 893083979 626964091 657153793 679134282 945295392 402232650 967168046 506810016 199147921 508569699 355086554 240570079 194108747 235209116 337880473 211041099 545820780 186201370 563675835 149503988 320254588 631639623 565543176 88110311 267865362 417851840 719241250 823135859 610435880 678634403 947310730 506560393 904857260
71
515366721 7215407 876772016 483248473 928905905 653629462 53852926 608352707 602322223 303522485 694565799 753089760 481375481 697189966 739660020 321788029 724960523 256815983 386242016 706791414 33445730 598193584 184083575 468818127 60718366 830768010 5584413 821118497 462058983 163547018 212479353 841735327 116768637 430042507 504931498 258436234 942101974 212198947 473895592 810520043 257573991 344576147 189844384 744000645 548822063 295448471 164479516 680162477 622432218 39381078 558598296 931134052 44771010 272784296 950168735 438454723 296075684 617127700 294118095 505161040 757511086 717812921 567018293 278074910 678431721 489918367 131836312 513699436 222590441 184432085 301310210
36
599974885 352359659 106223984 683837277 347307002 17837308 184762068 548495379 969851075 73713446 271694507 169181475 202305908 684507455 27870518 617557338 264382113 768236529 248186300 824096235 999470590 976127357 120076813 334119449 576938483 784945118 181212630 100326738 974587282 722287707 827701127 660205930 383454459 569636252 629163163 792181349
14
986535246 287641792 636408949 101997183 471479753 865000952 158027046 859731832 893788165 743081338 571191853 726537998 987359973 789370620
52
741821955 632636685 358958999 268982778 558269949 793017076 690503619 205473139 71589218 528522597 347479432 971596107 281809812 706824583 638951671 752766933 913639274 645598794 603385474 877899001 953329352 8312987 937018425 334329351 945540394 753360302 855326579 508398947 434427048 414557814 75906671 716737363 261810064 888078347 467181327 994279948 367672384 327548283 387312838 564790031 35868578 914089415 378466931 97972022 217857832 150161431 395748535 513624816 446962563 864468269 929503280 62327664
35
473548515 213237813 33717929 545676019 103082308 523273482 692924823 293110961 151244990 185830632 79215294 833595262 554431492 600824809 731933217 534887556 404239104 659445407 7742413 102584267 936894557 360072702 117399938 495378350 96384064 733223425 760673361 90957758 550058084 427835696 383222916 731226602 364682875 868182284 547657239
5
416817254 184873498 124187117 911751341 797197951
81
337126500 996510210 680075843 912351871 973660542 547271143 278054086 532692110 212854729 840481110 693989772 868840111 278483731 584904818 489974848 724095318 461226716 300038566 906565791 128075717 412313010 83372472 236164585 765015538 902164768 124357548 900753275 344928485 332211593 706926442 717960008 599972480 801956894 14578834 11375478 90541238 568110947 239980318 950954863 382202022 980942525 875911826 653828162 575198513 959673670 990457629 919145060 774961444 504379675 237260573 341401041 180504501 716049593 296158030 228438149 628979434 483036688 50573872 289851839 237504897 467470577 187127620 510469063 670605452 257737193 526710087 373014785 298614021 756644166 997167789 24760416 471608789 924842721 681988030 91969419 484134789 265742008 278295387 310225775 754868549 173688088
28
904952983 501998324 252854995 334115920 69465673 512187562 434204085 706417658 942317813 650232174 463532451 226726841 672249321 614167803 577458229 337884748 334977490 798706064 294350287 478589722 494231735 141440158 5443311 554546326 998223284 832273251 179839247 909832731
29
485651318 450002086 642854552 151886895 430597904 284979502 120428468 664827003 546792199 945250894 915855403 216338908 336093320 562378065 535462874 576121655 685114739 904076323 240113931 973882309 166448135 893203412 632737076 17293980 177975263 269807934 284723001 919658327 37333956
87
377667262 690528070 347694957 73880537 828433528 660573552 149041188 816874869 860676141 276446740 599300616 404682469 847980484 88721878 613563127 440680660 326105888 23401679 494231536 211786252 794509928 25753114 248544290 716564595 104966080 263066592 748202456 975484034 821369353 616336397 453403562 652713960 240809541 974612209 922166114 687449756 229859467 316320532 263869830 624200034 615140325 477610511 946783065 606445450 14647142 398272768 422136148 451836097 852797961 562357392 572996597 888373341 820653006 233731233 211542607 879307299 396705365 5091503 623416453 689253310 26583371 159639785 76618388 120007323 813219959 830907329 619344244 250045784 558966806 395198523 975986270 180058102 716294902 267558427 684443930 786981136 511454904 14854558 949808167 857161297 219366965 338769984 958655571 297567015 469716088 685029876 810342898
21
497601206 819769418 578603155 223382533 877225693 423831472 506344937 913522425 611178325 393965951 933746206 819827395 595497737 427842640 167696270 67324927 535599460 778582773 918431794 430103776 630128542
50
713546026 753873440 100563811 634738102 250990642 859811977 865836900 154106510 213328983 596922248 239127932 108352826 638502214 849710500 955104927 735941381 46574323 80198976 734075879 673871627 750044335 726431816 585128713 19620887 813235999 606307447 420836450 558677319 930653021 92631715 923732734 385039151 404244892 468308322 932946194 70227618 107825829 66202396 57876136 317808255 167013901 801045656 761749783 857480264 782868693 251675861 937529213 326918720 4964172 623063875
